Data for Z=6, E=10-30000 eV
    E              f1 
   eV            e atom-1

1.000000E+01	-9.999000E+03
1.016170E+01	-9.999000E+03
1.032610E+01	-9.999000E+03
1.049310E+01	-9.999000E+03
1.066280E+01	-9.999000E+03
1.083530E+01	-9.999000E+03
1.101060E+01	-9.999000E+03
1.118860E+01	-9.999000E+03
1.136960E+01	-9.999000E+03
1.155350E+01	-9.999000E+03
1.174040E+01	-9.999000E+03
1.193030E+01	-9.999000E+03
1.212320E+01	-9.999000E+03
1.231930E+01	-9.999000E+03
1.251860E+01	-9.999000E+03
1.272100E+01	-9.999000E+03
1.292680E+01	-9.999000E+03
1.313590E+01	-9.999000E+03
1.334830E+01	-9.999000E+03
1.356420E+01	-9.999000E+03
1.378360E+01	-9.999000E+03
1.400660E+01	-9.999000E+03
1.423310E+01	-9.999000E+03
1.446330E+01	-9.999000E+03
1.469730E+01	-9.999000E+03
1.493500E+01	-9.999000E+03
1.517650E+01	-9.999000E+03
1.542200E+01	-9.999000E+03
1.567140E+01	-9.999000E+03
1.592490E+01	-9.999000E+03
1.618250E+01	-9.999000E+03
1.644420E+01	-9.999000E+03
1.671020E+01	-9.999000E+03
1.698050E+01	-9.999000E+03
1.725510E+01	-9.999000E+03
1.753420E+01	-9.999000E+03
1.781780E+01	-9.999000E+03
1.810600E+01	-9.999000E+03
1.839890E+01	-9.999000E+03
1.869640E+01	-9.999000E+03
1.899880E+01	-9.999000E+03
1.930610E+01	-9.999000E+03
1.961840E+01	-9.999000E+03
1.993570E+01	-9.999000E+03
2.025820E+01	-9.999000E+03
2.058580E+01	-9.999000E+03
2.091880E+01	-9.999000E+03
2.125710E+01	-9.999000E+03
2.160090E+01	-9.999000E+03
2.195030E+01	-9.999000E+03
2.230530E+01	-9.999000E+03
2.266610E+01	-9.999000E+03
2.303270E+01	-9.999000E+03
2.340530E+01	-9.999000E+03
2.378380E+01	-9.999000E+03
2.416850E+01	-9.999000E+03
2.455940E+01	-9.999000E+03
2.495660E+01	-9.999000E+03
2.536030E+01	-9.999000E+03
2.577050E+01	-9.999000E+03
2.618730E+01	-9.999000E+03
2.661090E+01	-9.999000E+03
2.704130E+01	-9.999000E+03
2.747860E+01	-9.999000E+03
2.792310E+01	-9.999000E+03
2.837470E+01	-9.999000E+03
2.883370E+01	-9.999000E+03
2.930000E+01	3.633180E+00
2.977390E+01	3.673780E+00
3.025550E+01	3.712700E+00
3.074490E+01	3.747530E+00
3.124210E+01	3.779730E+00
3.174750E+01	3.809690E+00
3.226090E+01	3.837640E+00
3.278270E+01	3.863740E+00
3.331300E+01	3.888070E+00
3.385180E+01	3.910710E+00
3.439930E+01	3.931560E+00
3.495570E+01	3.950260E+00
3.552110E+01	3.967090E+00
3.609560E+01	3.984880E+00
3.667940E+01	4.002530E+00
3.727270E+01	4.019920E+00
3.787550E+01	4.037120E+00
3.848820E+01	4.054320E+00
3.911070E+01	4.073600E+00
3.974320E+01	4.094490E+00
4.038610E+01	4.110100E+00
4.103930E+01	4.122290E+00
4.170310E+01	4.132110E+00
4.237760E+01	4.139850E+00
4.306300E+01	4.145590E+00
4.375950E+01	4.149250E+00
4.446730E+01	4.149550E+00
4.518650E+01	4.145840E+00
4.591740E+01	4.141750E+00
4.666000E+01	4.141740E+00
4.741470E+01	4.143000E+00
4.818160E+01	4.144860E+00
4.896090E+01	4.146980E+00
4.975280E+01	4.149130E+00
5.055760E+01	4.151130E+00
5.137530E+01	4.152770E+00
5.220620E+01	4.153710E+00
5.305060E+01	4.153070E+00
5.390870E+01	4.149600E+00
5.478060E+01	4.149970E+00
5.566670E+01	4.152700E+00
5.656700E+01	4.156810E+00
5.748200E+01	4.162090E+00
5.841170E+01	4.168510E+00
5.935640E+01	4.176250E+00
6.031650E+01	4.186000E+00
6.129210E+01	4.199490E+00
6.228340E+01	4.210960E+00
6.329080E+01	4.219100E+00
6.431450E+01	4.225820E+00
6.535470E+01	4.231610E+00
6.641180E+01	4.236660E+00
6.748590E+01	4.241110E+00
6.857750E+01	4.245040E+00
6.968670E+01	4.248520E+00
7.081380E+01	4.251600E+00
7.195910E+01	4.254300E+00
7.312300E+01	4.256670E+00
7.430570E+01	4.258720E+00
7.550760E+01	4.260470E+00
7.672890E+01	4.261940E+00
7.796990E+01	4.263140E+00
7.923100E+01	4.264080E+00
8.051250E+01	4.264780E+00
8.181470E+01	4.265240E+00
8.313800E+01	4.265460E+00
8.448270E+01	4.265470E+00
8.584910E+01	4.265250E+00
8.723770E+01	4.264810E+00
8.864870E+01	4.264170E+00
9.008250E+01	4.263320E+00
9.153950E+01	4.262260E+00
9.302010E+01	4.261000E+00
9.452460E+01	4.259530E+00
9.605350E+01	4.257870E+00
9.760710E+01	4.256000E+00
9.918580E+01	4.253930E+00
1.007900E+02	4.251660E+00
1.024200E+02	4.249190E+00
1.040770E+02	4.246510E+00
1.057600E+02	4.243630E+00
1.074710E+02	4.240540E+00
1.092090E+02	4.237240E+00
1.109750E+02	4.233730E+00
1.127700E+02	4.230000E+00
1.145940E+02	4.226060E+00
1.164480E+02	4.221890E+00
1.183310E+02	4.217510E+00
1.202450E+02	4.212890E+00
1.221900E+02	4.208060E+00
1.241660E+02	4.202990E+00
1.261750E+02	4.197720E+00
1.282150E+02	4.192250E+00
1.302890E+02	4.186660E+00
1.323970E+02	4.181220E+00
1.345380E+02	4.175330E+00
1.367140E+02	4.168600E+00
1.389250E+02	4.161220E+00
1.411720E+02	4.153290E+00
1.434560E+02	4.144840E+00
1.457760E+02	4.135870E+00
1.481340E+02	4.126380E+00
1.505300E+02	4.116360E+00
1.529640E+02	4.105780E+00
1.554390E+02	4.094640E+00
1.579530E+02	4.082900E+00
1.605070E+02	4.070540E+00
1.631030E+02	4.057540E+00
1.657420E+02	4.043850E+00
1.684220E+02	4.029450E+00
1.711460E+02	4.014290E+00
1.739150E+02	3.998340E+00
1.767270E+02	3.981580E+00
1.795860E+02	3.963980E+00
1.824910E+02	3.945580E+00
1.854420E+02	3.927160E+00
1.884420E+02	3.907050E+00
1.914890E+02	3.884430E+00
1.945870E+02	3.859770E+00
1.977340E+02	3.833080E+00
2.009320E+02	3.804280E+00
2.041820E+02	3.773230E+00
2.074850E+02	3.739720E+00
2.108400E+02	3.703510E+00
2.142510E+02	3.664280E+00
2.177160E+02	3.621640E+00
2.212370E+02	3.574990E+00
2.248160E+02	3.524350E+00
2.284520E+02	3.469020E+00
2.321470E+02	3.408120E+00
2.359020E+02	3.340610E+00
2.397170E+02	3.265220E+00
2.435950E+02	3.180270E+00
2.475350E+02	3.084740E+00
2.515380E+02	2.972930E+00
2.556070E+02	2.840020E+00
2.597410E+02	2.679850E+00
2.639420E+02	2.481380E+00
2.682110E+02	2.225050E+00
2.725490E+02	1.871590E+00
2.769570E+02	1.321920E+00
2.814370E+02	1.585730E-01
2.841000E+02	-4.048820E+00
2.843000E+02	-4.040310E+00
2.859890E+02	-2.833300E-01
2.906150E+02	1.439670E+00
2.953150E+02	2.205760E+00
3.000920E+02	2.712860E+00
3.049450E+02	3.094750E+00
3.098780E+02	3.401860E+00
3.148900E+02	3.658840E+00
3.199830E+02	3.879690E+00
3.251580E+02	4.073150E+00
3.304180E+02	4.245100E+00
3.357620E+02	4.399670E+00
3.411920E+02	4.539930E+00
3.467110E+02	4.668230E+00
3.523190E+02	4.786420E+00
3.580170E+02	4.896060E+00
3.638080E+02	4.998520E+00
3.696920E+02	5.095240E+00
3.756720E+02	5.189100E+00
3.817480E+02	5.279260E+00
3.879220E+02	5.360490E+00
3.941970E+02	5.432670E+00
4.005730E+02	5.498970E+00
4.070520E+02	5.560100E+00
4.136350E+02	5.616690E+00
4.203260E+02	5.669200E+00
4.271240E+02	5.718030E+00
4.340320E+02	5.763510E+00
4.410520E+02	5.805930E+00
4.481860E+02	5.845570E+00
4.554350E+02	5.882640E+00
4.628020E+02	5.917370E+00
4.702870E+02	5.949980E+00
4.778940E+02	5.980740E+00
4.856230E+02	6.010220E+00
4.934780E+02	6.037670E+00
5.014590E+02	6.062680E+00
5.095700E+02	6.085790E+00
5.178120E+02	6.107210E+00
5.261870E+02	6.127090E+00
5.346980E+02	6.145560E+00
5.433460E+02	6.162710E+00
5.521340E+02	6.178640E+00
5.610650E+02	6.193440E+00
5.701390E+02	6.207170E+00
5.793610E+02	6.219920E+00
5.887320E+02	6.231740E+00
5.982540E+02	6.242710E+00
6.079300E+02	6.252870E+00
6.177630E+02	6.262270E+00
6.277550E+02	6.270970E+00
6.379080E+02	6.279000E+00
6.482260E+02	6.286390E+00
6.587110E+02	6.293120E+00
6.693650E+02	6.299010E+00
6.801910E+02	6.304060E+00
6.911930E+02	6.309720E+00
7.023720E+02	6.318220E+00
7.137330E+02	6.327830E+00
7.252770E+02	6.334490E+00
7.370080E+02	6.339330E+00
7.489280E+02	6.343060E+00
7.610420E+02	6.345940E+00
7.733510E+02	6.348130E+00
7.858590E+02	6.349730E+00
7.985700E+02	6.350800E+00
8.114860E+02	6.351400E+00
8.246110E+02	6.351600E+00
8.379490E+02	6.351480E+00
8.515020E+02	6.351110E+00
8.652740E+02	6.350420E+00
8.792690E+02	6.349340E+00
8.934910E+02	6.347930E+00
9.079430E+02	6.346280E+00
9.226280E+02	6.344450E+00
9.375510E+02	6.342440E+00
9.527150E+02	6.340160E+00
9.681240E+02	6.337680E+00
9.837830E+02	6.335030E+00
9.996950E+02	6.332220E+00
1.015860E+03	6.329300E+00
1.032290E+03	6.326430E+00
1.048990E+03	6.323620E+00
1.065960E+03	6.320480E+00
1.083200E+03	6.317100E+00
1.100720E+03	6.313590E+00
1.118520E+03	6.309960E+00
1.136610E+03	6.306220E+00
1.155000E+03	6.302420E+00
1.173680E+03	6.298570E+00
1.192660E+03	6.294690E+00
1.211950E+03	6.290810E+00
1.231550E+03	6.286940E+00
1.251470E+03	6.283130E+00
1.271720E+03	6.279310E+00
1.292290E+03	6.275340E+00
1.313190E+03	6.271270E+00
1.334430E+03	6.267160E+00
1.356010E+03	6.263020E+00
1.377940E+03	6.258860E+00
1.400230E+03	6.254690E+00
1.422880E+03	6.250540E+00
1.445890E+03	6.246400E+00
1.469280E+03	6.242300E+00
1.493040E+03	6.238220E+00
1.517190E+03	6.234180E+00
1.541730E+03	6.230100E+00
1.566670E+03	6.226040E+00
1.592010E+03	6.222000E+00
1.617760E+03	6.217980E+00
1.643920E+03	6.214000E+00
1.670510E+03	6.210050E+00
1.697530E+03	6.206160E+00
1.724990E+03	6.202330E+00
1.752890E+03	6.198570E+00
1.781240E+03	6.194800E+00
1.810050E+03	6.191060E+00
1.839320E+03	6.187340E+00
1.869070E+03	6.183660E+00
1.899300E+03	6.180030E+00
1.930020E+03	6.176430E+00
1.961240E+03	6.172880E+00
1.992960E+03	6.169380E+00
2.025200E+03	6.165940E+00
2.057950E+03	6.162610E+00
2.091240E+03	6.159280E+00
2.125060E+03	6.156000E+00
2.159430E+03	6.152760E+00
2.194360E+03	6.149570E+00
2.229850E+03	6.146430E+00
2.265920E+03	6.143340E+00
2.302570E+03	6.140280E+00
2.339810E+03	6.137290E+00
2.377660E+03	6.134330E+00
2.416110E+03	6.131430E+00
2.455190E+03	6.128570E+00
2.494900E+03	6.125760E+00
2.535260E+03	6.123000E+00
2.576260E+03	6.120280E+00
2.617930E+03	6.117620E+00
2.660270E+03	6.115000E+00
2.703300E+03	6.112430E+00
2.747030E+03	6.109900E+00
2.791460E+03	6.107420E+00
2.836610E+03	6.104980E+00
2.882490E+03	6.102590E+00
2.929110E+03	6.100240E+00
2.976480E+03	6.097940E+00
3.024630E+03	6.095690E+00
3.073550E+03	6.093470E+00
3.123260E+03	6.091300E+00
3.173780E+03	6.089170E+00
3.225110E+03	6.087080E+00
3.277270E+03	6.085030E+00
3.330280E+03	6.083020E+00
3.384150E+03	6.081050E+00
3.438880E+03	6.079120E+00
3.494500E+03	6.077230E+00
3.551020E+03	6.075380E+00
3.608460E+03	6.073570E+00
3.666820E+03	6.071790E+00
3.726130E+03	6.070050E+00
3.786400E+03	6.068340E+00
3.847640E+03	6.066670E+00
3.909870E+03	6.065040E+00
3.973110E+03	6.063430E+00
4.037380E+03	6.061860E+00
4.102680E+03	6.060330E+00
4.169030E+03	6.058830E+00
4.236460E+03	6.057360E+00
4.304980E+03	6.055920E+00
4.374620E+03	6.054510E+00
4.445370E+03	6.053130E+00
4.517270E+03	6.051780E+00
4.590330E+03	6.050460E+00
4.664580E+03	6.049170E+00
4.740030E+03	6.047910E+00
4.816690E+03	6.046670E+00
4.894600E+03	6.045470E+00
4.973770E+03	6.044290E+00
5.054210E+03	6.043130E+00
5.135960E+03	6.042000E+00
5.219030E+03	6.040900E+00
5.303440E+03	6.039830E+00
5.389220E+03	6.038770E+00
5.476390E+03	6.037740E+00
5.564970E+03	6.036740E+00
5.654980E+03	6.035760E+00
5.746440E+03	6.034800E+00
5.839390E+03	6.033860E+00
5.933830E+03	6.032950E+00
6.029810E+03	6.032050E+00
6.127330E+03	6.031180E+00
6.226440E+03	6.030330E+00
6.327150E+03	6.029500E+00
6.429480E+03	6.028690E+00
6.533480E+03	6.027890E+00
6.639150E+03	6.027120E+00
6.746540E+03	6.026370E+00
6.855650E+03	6.025630E+00
6.966540E+03	6.024910E+00
7.079220E+03	6.024210E+00
7.193720E+03	6.023520E+00
7.310070E+03	6.022850E+00
7.428310E+03	6.022200E+00
7.548450E+03	6.021560E+00
7.670540E+03	6.020940E+00
7.794610E+03	6.020340E+00
7.920680E+03	6.019750E+00
8.048790E+03	6.019170E+00
8.178980E+03	6.018610E+00
8.311260E+03	6.018060E+00
8.445690E+03	6.017530E+00
8.582290E+03	6.017000E+00
8.721110E+03	6.016500E+00
8.862160E+03	6.016000E+00
9.005500E+03	6.015520E+00
9.151160E+03	6.015050E+00
9.299170E+03	6.014590E+00
9.449580E+03	6.014140E+00
9.602420E+03	6.013700E+00
9.757730E+03	6.013280E+00
9.915550E+03	6.012860E+00
1.007590E+04	6.012460E+00
1.023890E+04	6.012060E+00
1.040450E+04	6.011680E+00
1.057280E+04	6.011310E+00
1.074380E+04	6.010940E+00
1.091760E+04	6.010590E+00
1.109420E+04	6.010240E+00
1.127360E+04	6.009910E+00
1.145590E+04	6.009580E+00
1.164120E+04	6.009260E+00
1.182950E+04	6.008950E+00
1.202080E+04	6.008640E+00
1.221530E+04	6.008350E+00
1.241280E+04	6.008060E+00
1.261360E+04	6.007780E+00
1.281760E+04	6.007510E+00
1.302500E+04	6.007240E+00
1.323560E+04	6.006980E+00
1.344970E+04	6.006730E+00
1.366720E+04	6.006480E+00
1.388830E+04	6.006250E+00
1.411290E+04	6.006010E+00
1.434120E+04	6.005790E+00
1.457310E+04	6.005570E+00
1.480890E+04	6.005350E+00
1.504840E+04	6.005140E+00
1.529180E+04	6.004940E+00
1.553910E+04	6.004740E+00
1.579040E+04	6.004550E+00
1.604580E+04	6.004360E+00
1.630540E+04	6.004180E+00
1.656910E+04	6.004000E+00
1.683710E+04	6.003830E+00
1.710940E+04	6.003660E+00
1.738610E+04	6.003500E+00
1.766740E+04	6.003340E+00
1.795310E+04	6.003190E+00
1.824350E+04	6.003040E+00
1.853860E+04	6.002890E+00
1.883840E+04	6.002750E+00
1.914310E+04	6.002610E+00
1.945270E+04	6.002480E+00
1.976740E+04	6.002350E+00
2.008710E+04	6.002220E+00
2.041200E+04	6.002110E+00
2.074210E+04	6.001990E+00
2.107760E+04	6.001870E+00
2.141850E+04	6.001760E+00
2.176500E+04	6.001650E+00
2.211700E+04	6.001540E+00
2.247470E+04	6.001440E+00
2.283820E+04	6.001340E+00
2.320760E+04	6.001240E+00
2.358300E+04	6.001150E+00
2.396440E+04	6.001050E+00
2.435200E+04	6.000960E+00
2.474590E+04	6.000880E+00
2.514620E+04	6.000790E+00
2.555290E+04	6.000710E+00
2.596620E+04	6.000630E+00
2.638610E+04	6.000550E+00
2.681290E+04	6.000480E+00
2.724660E+04	6.000400E+00
2.768730E+04	6.000330E+00
2.813510E+04	6.000260E+00
2.859020E+04	6.000200E+00
2.905260E+04	6.000130E+00
2.952250E+04	6.000070E+00
3.000000E+04	6.000000E+00