Data for Z=8, E=10-30000 eV
    E              f1 
   eV            e atom-1

1.000000E+01	-9.999000E+03
1.016170E+01	-9.999000E+03
1.032610E+01	-9.999000E+03
1.049310E+01	-9.999000E+03
1.066280E+01	-9.999000E+03
1.083530E+01	-9.999000E+03
1.101060E+01	-9.999000E+03
1.118860E+01	-9.999000E+03
1.136960E+01	-9.999000E+03
1.155350E+01	-9.999000E+03
1.174040E+01	-9.999000E+03
1.193030E+01	-9.999000E+03
1.212320E+01	-9.999000E+03
1.231930E+01	-9.999000E+03
1.251860E+01	-9.999000E+03
1.272100E+01	-9.999000E+03
1.292680E+01	-9.999000E+03
1.313590E+01	-9.999000E+03
1.334830E+01	-9.999000E+03
1.356420E+01	-9.999000E+03
1.378360E+01	-9.999000E+03
1.400660E+01	-9.999000E+03
1.423310E+01	-9.999000E+03
1.446330E+01	-9.999000E+03
1.469730E+01	-9.999000E+03
1.493500E+01	-9.999000E+03
1.517650E+01	-9.999000E+03
1.542200E+01	-9.999000E+03
1.567140E+01	-9.999000E+03
1.592490E+01	-9.999000E+03
1.618250E+01	-9.999000E+03
1.644420E+01	-9.999000E+03
1.671020E+01	-9.999000E+03
1.698050E+01	-9.999000E+03
1.725510E+01	-9.999000E+03
1.753420E+01	-9.999000E+03
1.781780E+01	-9.999000E+03
1.810600E+01	-9.999000E+03
1.839890E+01	-9.999000E+03
1.869640E+01	-9.999000E+03
1.899880E+01	-9.999000E+03
1.930610E+01	-9.999000E+03
1.961840E+01	-9.999000E+03
1.993570E+01	-9.999000E+03
2.025820E+01	-9.999000E+03
2.058580E+01	-9.999000E+03
2.091880E+01	-9.999000E+03
2.125710E+01	-9.999000E+03
2.160090E+01	-9.999000E+03
2.195030E+01	-9.999000E+03
2.230530E+01	-9.999000E+03
2.266610E+01	-9.999000E+03
2.303270E+01	-9.999000E+03
2.340530E+01	-9.999000E+03
2.378380E+01	-9.999000E+03
2.416850E+01	-9.999000E+03
2.455940E+01	-9.999000E+03
2.495660E+01	-9.999000E+03
2.536030E+01	-9.999000E+03
2.577050E+01	-9.999000E+03
2.618730E+01	-9.999000E+03
2.661090E+01	-9.999000E+03
2.704130E+01	-9.999000E+03
2.747860E+01	-9.999000E+03
2.792310E+01	-9.999000E+03
2.837470E+01	-9.999000E+03
2.883370E+01	-9.999000E+03
2.930000E+01	1.291080E+00
2.977390E+01	1.375300E+00
3.025550E+01	1.459870E+00
3.074490E+01	1.545000E+00
3.124210E+01	1.630890E+00
3.174750E+01	1.717820E+00
3.226090E+01	1.806040E+00
3.278270E+01	1.895910E+00
3.331300E+01	1.987840E+00
3.385180E+01	2.082400E+00
3.439930E+01	2.180370E+00
3.495570E+01	2.283030E+00
3.552110E+01	2.393600E+00
3.609560E+01	2.518380E+00
3.667940E+01	2.659400E+00
3.727270E+01	2.773560E+00
3.787550E+01	2.877890E+00
3.848820E+01	2.976200E+00
3.911070E+01	3.070200E+00
3.974320E+01	3.160850E+00
4.038610E+01	3.248820E+00
4.103930E+01	3.334610E+00
4.170310E+01	3.418600E+00
4.237760E+01	3.501130E+00
4.306300E+01	3.582510E+00
4.375950E+01	3.663020E+00
4.446730E+01	3.742990E+00
4.518650E+01	3.822770E+00
4.591740E+01	3.902810E+00
4.666000E+01	3.983750E+00
4.741470E+01	4.066680E+00
4.818160E+01	4.154350E+00
4.896090E+01	4.253030E+00
4.975280E+01	4.342780E+00
5.055760E+01	4.420660E+00
5.137530E+01	4.492600E+00
5.220620E+01	4.560330E+00
5.305060E+01	4.624600E+00
5.390870E+01	4.685910E+00
5.478060E+01	4.744640E+00
5.566670E+01	4.801030E+00
5.656700E+01	4.855330E+00
5.748200E+01	4.907690E+00
5.841170E+01	4.958270E+00
5.935640E+01	5.007200E+00
6.031650E+01	5.054570E+00
6.129210E+01	5.100490E+00
6.228340E+01	5.145040E+00
6.329080E+01	5.188290E+00
6.431450E+01	5.230310E+00
6.535470E+01	5.271150E+00
6.641180E+01	5.310860E+00
6.748590E+01	5.349470E+00
6.857750E+01	5.386980E+00
6.968670E+01	5.423220E+00
7.081380E+01	5.458370E+00
7.195910E+01	5.493320E+00
7.312300E+01	5.527790E+00
7.430570E+01	5.561700E+00
7.550760E+01	5.595050E+00
7.672890E+01	5.627880E+00
7.796990E+01	5.660200E+00
7.923100E+01	5.692050E+00
8.051250E+01	5.723470E+00
8.181470E+01	5.754500E+00
8.313800E+01	5.785190E+00
8.448270E+01	5.815590E+00
8.584910E+01	5.845760E+00
8.723770E+01	5.875770E+00
8.864870E+01	5.905720E+00
9.008250E+01	5.935700E+00
9.153950E+01	5.965880E+00
9.302010E+01	5.996460E+00
9.452460E+01	6.027760E+00
9.605350E+01	6.060380E+00
9.760710E+01	6.095750E+00
9.918580E+01	6.139170E+00
1.007900E+02	6.175280E+00
1.024200E+02	6.205200E+00
1.040770E+02	6.231360E+00
1.057600E+02	6.254980E+00
1.074710E+02	6.276560E+00
1.092090E+02	6.296400E+00
1.109750E+02	6.314740E+00
1.127700E+02	6.331750E+00
1.145940E+02	6.347550E+00
1.164480E+02	6.362240E+00
1.183310E+02	6.375930E+00
1.202450E+02	6.388670E+00
1.221900E+02	6.400530E+00
1.241660E+02	6.411550E+00
1.261750E+02	6.421760E+00
1.282150E+02	6.431190E+00
1.302890E+02	6.439830E+00
1.323970E+02	6.447610E+00
1.345380E+02	6.453770E+00
1.367140E+02	6.459830E+00
1.389250E+02	6.466400E+00
1.411720E+02	6.472990E+00
1.434560E+02	6.479490E+00
1.457760E+02	6.485850E+00
1.481340E+02	6.492070E+00
1.505300E+02	6.498160E+00
1.529640E+02	6.504130E+00
1.554390E+02	6.510010E+00
1.579530E+02	6.515830E+00
1.605070E+02	6.521640E+00
1.631030E+02	6.527490E+00
1.657420E+02	6.533470E+00
1.684220E+02	6.539680E+00
1.711460E+02	6.546280E+00
1.739150E+02	6.553530E+00
1.767270E+02	6.561880E+00
1.795860E+02	6.572850E+00
1.824910E+02	6.590620E+00
1.854420E+02	6.601260E+00
1.884420E+02	6.606560E+00
1.914890E+02	6.608900E+00
1.945870E+02	6.609090E+00
1.977340E+02	6.607560E+00
2.009320E+02	6.604590E+00
2.041820E+02	6.600370E+00
2.074850E+02	6.595040E+00
2.108400E+02	6.588690E+00
2.142510E+02	6.581410E+00
2.177160E+02	6.573240E+00
2.212370E+02	6.564210E+00
2.248160E+02	6.554340E+00
2.284520E+02	6.543580E+00
2.321470E+02	6.531860E+00
2.359020E+02	6.519100E+00
2.397170E+02	6.502890E+00
2.435950E+02	6.487800E+00
2.475350E+02	6.474690E+00
2.515380E+02	6.461870E+00
2.556070E+02	6.449170E+00
2.597410E+02	6.436470E+00
2.639420E+02	6.423700E+00
2.682110E+02	6.410770E+00
2.725490E+02	6.397740E+00
2.769570E+02	6.384530E+00
2.814370E+02	6.370930E+00
2.859890E+02	6.356840E+00
2.906150E+02	6.342230E+00
2.953150E+02	6.327100E+00
3.000920E+02	6.311430E+00
3.049450E+02	6.295210E+00
3.098780E+02	6.278390E+00
3.148900E+02	6.260930E+00
3.199830E+02	6.242790E+00
3.251580E+02	6.223920E+00
3.304180E+02	6.204240E+00
3.357620E+02	6.183720E+00
3.411920E+02	6.162270E+00
3.467110E+02	6.139820E+00
3.523190E+02	6.116270E+00
3.580170E+02	6.091530E+00
3.638080E+02	6.065500E+00
3.696920E+02	6.038050E+00
3.756720E+02	6.009040E+00
3.817480E+02	5.978340E+00
3.879220E+02	5.945810E+00
3.941970E+02	5.911080E+00
4.005730E+02	5.873780E+00
4.070520E+02	5.833710E+00
4.136350E+02	5.790510E+00
4.203260E+02	5.743780E+00
4.271240E+02	5.693010E+00
4.340320E+02	5.637600E+00
4.410520E+02	5.576770E+00
4.481860E+02	5.509550E+00
4.554350E+02	5.434730E+00
4.628020E+02	5.350750E+00
4.702870E+02	5.255480E+00
4.778940E+02	5.146040E+00
4.856230E+02	5.018310E+00
4.934780E+02	4.866230E+00
5.014590E+02	4.680290E+00
5.095700E+02	4.444330E+00
5.178120E+02	4.127570E+00
5.261870E+02	3.659770E+00
5.346980E+02	2.810570E+00
5.430000E+02	-2.974170E+00
5.432000E+02	-2.968200E+00
5.433460E+02	-1.764270E+00
5.521340E+02	3.148730E+00
5.610650E+02	4.136550E+00
5.701390E+02	4.734930E+00
5.793610E+02	5.167680E+00
5.887320E+02	5.508360E+00
5.982540E+02	5.789660E+00
6.079300E+02	6.029050E+00
6.177630E+02	6.237610E+00
6.277550E+02	6.422700E+00
6.379080E+02	6.590310E+00
6.482260E+02	6.740230E+00
6.587110E+02	6.870170E+00
6.693650E+02	6.982340E+00
6.801910E+02	7.079000E+00
6.911930E+02	7.171760E+00
7.023720E+02	7.265370E+00
7.137330E+02	7.356320E+00
7.252770E+02	7.437250E+00
7.370080E+02	7.510960E+00
7.489280E+02	7.579230E+00
7.610420E+02	7.642780E+00
7.733510E+02	7.703010E+00
7.858590E+02	7.759520E+00
7.985700E+02	7.810020E+00
8.114860E+02	7.855600E+00
8.246110E+02	7.896850E+00
8.379490E+02	7.934000E+00
8.515020E+02	7.966890E+00
8.652740E+02	7.997270E+00
8.792690E+02	8.027380E+00
8.934910E+02	8.056760E+00
9.079430E+02	8.085460E+00
9.226280E+02	8.113850E+00
9.375510E+02	8.141640E+00
9.527150E+02	8.166390E+00
9.681240E+02	8.188220E+00
9.837830E+02	8.207730E+00
9.996950E+02	8.225240E+00
1.015860E+03	8.241100E+00
1.032290E+03	8.255910E+00
1.048990E+03	8.270170E+00
1.065960E+03	8.282860E+00
1.083200E+03	8.294210E+00
1.100720E+03	8.304430E+00
1.118520E+03	8.313630E+00
1.136610E+03	8.321910E+00
1.155000E+03	8.329370E+00
1.173680E+03	8.336060E+00
1.192660E+03	8.342050E+00
1.211950E+03	8.347410E+00
1.231550E+03	8.352260E+00
1.251470E+03	8.356700E+00
1.271720E+03	8.360650E+00
1.292290E+03	8.363770E+00
1.313190E+03	8.366200E+00
1.334430E+03	8.368090E+00
1.356010E+03	8.369490E+00
1.377940E+03	8.370470E+00
1.400230E+03	8.371090E+00
1.422880E+03	8.371360E+00
1.445890E+03	8.371350E+00
1.469280E+03	8.371230E+00
1.493040E+03	8.370880E+00
1.517190E+03	8.370250E+00
1.541730E+03	8.369010E+00
1.566670E+03	8.367420E+00
1.592010E+03	8.365550E+00
1.617760E+03	8.363400E+00
1.643920E+03	8.361040E+00
1.670510E+03	8.358510E+00
1.697530E+03	8.355820E+00
1.724990E+03	8.353050E+00
1.752890E+03	8.350210E+00
1.781240E+03	8.347100E+00
1.810050E+03	8.343780E+00
1.839320E+03	8.340280E+00
1.869070E+03	8.336650E+00
1.899300E+03	8.332910E+00
1.930020E+03	8.329070E+00
1.961240E+03	8.325160E+00
1.992960E+03	8.321160E+00
2.025200E+03	8.317190E+00
2.057950E+03	8.313320E+00
2.091240E+03	8.309310E+00
2.125060E+03	8.305230E+00
2.159430E+03	8.301090E+00
2.194360E+03	8.296920E+00
2.229850E+03	8.292720E+00
2.265920E+03	8.288510E+00
2.302570E+03	8.284270E+00
2.339810E+03	8.280020E+00
2.377660E+03	8.275760E+00
2.416110E+03	8.271510E+00
2.455190E+03	8.267260E+00
2.494900E+03	8.263010E+00
2.535260E+03	8.258780E+00
2.576260E+03	8.254560E+00
2.617930E+03	8.250350E+00
2.660270E+03	8.246170E+00
2.703300E+03	8.242000E+00
2.747030E+03	8.237860E+00
2.791460E+03	8.233750E+00
2.836610E+03	8.229670E+00
2.882490E+03	8.225620E+00
2.929110E+03	8.221610E+00
2.976480E+03	8.217620E+00
3.024630E+03	8.213670E+00
3.073550E+03	8.209760E+00
3.123260E+03	8.205890E+00
3.173780E+03	8.202050E+00
3.225110E+03	8.198260E+00
3.277270E+03	8.194500E+00
3.330280E+03	8.190790E+00
3.384150E+03	8.187110E+00
3.438880E+03	8.183490E+00
3.494500E+03	8.179910E+00
3.551020E+03	8.176360E+00
3.608460E+03	8.172870E+00
3.666820E+03	8.169420E+00
3.726130E+03	8.165990E+00
3.786400E+03	8.162620E+00
3.847640E+03	8.159290E+00
3.909870E+03	8.156010E+00
3.973110E+03	8.152760E+00
4.037380E+03	8.149540E+00
4.102680E+03	8.146350E+00
4.169030E+03	8.143210E+00
4.236460E+03	8.140110E+00
4.304980E+03	8.137050E+00
4.374620E+03	8.134040E+00
4.445370E+03	8.131080E+00
4.517270E+03	8.128160E+00
4.590330E+03	8.125290E+00
4.664580E+03	8.122460E+00
4.740030E+03	8.119690E+00
4.816690E+03	8.116950E+00
4.894600E+03	8.114270E+00
4.973770E+03	8.111630E+00
5.054210E+03	8.109040E+00
5.135960E+03	8.106490E+00
5.219030E+03	8.104000E+00
5.303440E+03	8.101540E+00
5.389220E+03	8.099130E+00
5.476390E+03	8.096770E+00
5.564970E+03	8.094450E+00
5.654980E+03	8.092180E+00
5.746440E+03	8.089950E+00
5.839390E+03	8.087760E+00
5.933830E+03	8.085620E+00
6.029810E+03	8.083510E+00
6.127330E+03	8.081460E+00
6.226440E+03	8.079440E+00
6.327150E+03	8.077460E+00
6.429480E+03	8.075520E+00
6.533480E+03	8.073620E+00
6.639150E+03	8.071760E+00
6.746540E+03	8.069940E+00
6.855650E+03	8.068160E+00
6.966540E+03	8.066420E+00
7.079220E+03	8.064710E+00
7.193720E+03	8.063040E+00
7.310070E+03	8.061400E+00
7.428310E+03	8.059800E+00
7.548450E+03	8.058240E+00
7.670540E+03	8.056700E+00
7.794610E+03	8.055210E+00
7.920680E+03	8.053740E+00
8.048790E+03	8.052310E+00
8.178980E+03	8.050910E+00
8.311260E+03	8.049540E+00
8.445690E+03	8.048200E+00
8.582290E+03	8.046890E+00
8.721110E+03	8.045610E+00
8.862160E+03	8.044360E+00
9.005500E+03	8.043130E+00
9.151160E+03	8.041940E+00
9.299170E+03	8.040770E+00
9.449580E+03	8.039630E+00
9.602420E+03	8.038520E+00
9.757730E+03	8.037430E+00
9.915550E+03	8.036370E+00
1.007590E+04	8.035330E+00
1.023890E+04	8.034320E+00
1.040450E+04	8.033330E+00
1.057280E+04	8.032360E+00
1.074380E+04	8.031420E+00
1.091760E+04	8.030490E+00
1.109420E+04	8.029600E+00
1.127360E+04	8.028720E+00
1.145590E+04	8.027860E+00
1.164120E+04	8.027030E+00
1.182950E+04	8.026210E+00
1.202080E+04	8.025410E+00
1.221530E+04	8.024640E+00
1.241280E+04	8.023880E+00
1.261360E+04	8.023140E+00
1.281760E+04	8.022420E+00
1.302500E+04	8.021720E+00
1.323560E+04	8.021030E+00
1.344970E+04	8.020360E+00
1.366720E+04	8.019710E+00
1.388830E+04	8.019070E+00
1.411290E+04	8.018450E+00
1.434120E+04	8.017850E+00
1.457310E+04	8.017260E+00
1.480890E+04	8.016680E+00
1.504840E+04	8.016120E+00
1.529180E+04	8.015570E+00
1.553910E+04	8.015040E+00
1.579040E+04	8.014520E+00
1.604580E+04	8.014020E+00
1.630540E+04	8.013520E+00
1.656910E+04	8.013040E+00
1.683710E+04	8.012570E+00
1.710940E+04	8.012120E+00
1.738610E+04	8.011670E+00
1.766740E+04	8.011240E+00
1.795310E+04	8.010820E+00
1.824350E+04	8.010410E+00
1.853860E+04	8.010010E+00
1.883840E+04	8.009620E+00
1.914310E+04	8.009240E+00
1.945270E+04	8.008870E+00
1.976740E+04	8.008510E+00
2.008710E+04	8.008160E+00
2.041200E+04	8.007820E+00
2.074210E+04	8.007490E+00
2.107760E+04	8.007170E+00
2.141850E+04	8.006860E+00
2.176500E+04	8.006550E+00
2.211700E+04	8.006260E+00
2.247470E+04	8.005970E+00
2.283820E+04	8.005690E+00
2.320760E+04	8.005410E+00
2.358300E+04	8.005150E+00
2.396440E+04	8.004890E+00
2.435200E+04	8.004640E+00
2.474590E+04	8.004390E+00
2.514620E+04	8.004160E+00
2.555290E+04	8.003930E+00
2.596620E+04	8.003700E+00
2.638610E+04	8.003480E+00
2.681290E+04	8.003270E+00
2.724660E+04	8.003070E+00
2.768730E+04	8.002860E+00
2.813510E+04	8.002670E+00
2.859020E+04	8.002480E+00
2.905260E+04	8.002300E+00
2.952250E+04	8.002120E+00
3.000000E+04	8.001940E+00