Data for Z=7, E=10-30000 eV
    E              f1 
   eV            e atom-1

1.000000E+01	-9.999000E+03
1.016170E+01	-9.999000E+03
1.032610E+01	-9.999000E+03
1.049310E+01	-9.999000E+03
1.066280E+01	-9.999000E+03
1.083530E+01	-9.999000E+03
1.101060E+01	-9.999000E+03
1.118860E+01	-9.999000E+03
1.136960E+01	-9.999000E+03
1.155350E+01	-9.999000E+03
1.174040E+01	-9.999000E+03
1.193030E+01	-9.999000E+03
1.212320E+01	-9.999000E+03
1.231930E+01	-9.999000E+03
1.251860E+01	-9.999000E+03
1.272100E+01	-9.999000E+03
1.292680E+01	-9.999000E+03
1.313590E+01	-9.999000E+03
1.334830E+01	-9.999000E+03
1.356420E+01	-9.999000E+03
1.378360E+01	-9.999000E+03
1.400660E+01	-9.999000E+03
1.423310E+01	-9.999000E+03
1.446330E+01	-9.999000E+03
1.469730E+01	-9.999000E+03
1.493500E+01	-9.999000E+03
1.517650E+01	-9.999000E+03
1.542200E+01	-9.999000E+03
1.567140E+01	-9.999000E+03
1.592490E+01	-9.999000E+03
1.618250E+01	-9.999000E+03
1.644420E+01	-9.999000E+03
1.671020E+01	-9.999000E+03
1.698050E+01	-9.999000E+03
1.725510E+01	-9.999000E+03
1.753420E+01	-9.999000E+03
1.781780E+01	-9.999000E+03
1.810600E+01	-9.999000E+03
1.839890E+01	-9.999000E+03
1.869640E+01	-9.999000E+03
1.899880E+01	-9.999000E+03
1.930610E+01	-9.999000E+03
1.961840E+01	-9.999000E+03
1.993570E+01	-9.999000E+03
2.025820E+01	-9.999000E+03
2.058580E+01	-9.999000E+03
2.091880E+01	-9.999000E+03
2.125710E+01	-9.999000E+03
2.160090E+01	-9.999000E+03
2.195030E+01	-9.999000E+03
2.230530E+01	-9.999000E+03
2.266610E+01	-9.999000E+03
2.303270E+01	-9.999000E+03
2.340530E+01	-9.999000E+03
2.378380E+01	-9.999000E+03
2.416850E+01	-9.999000E+03
2.455940E+01	-9.999000E+03
2.495660E+01	-9.999000E+03
2.536030E+01	-9.999000E+03
2.577050E+01	-9.999000E+03
2.618730E+01	-9.999000E+03
2.661090E+01	-9.999000E+03
2.704130E+01	-9.999000E+03
2.747860E+01	-9.999000E+03
2.792310E+01	-9.999000E+03
2.837470E+01	-9.999000E+03
2.883370E+01	-9.999000E+03
2.930000E+01	3.096700E+00
2.977390E+01	3.185740E+00
3.025550E+01	3.268610E+00
3.074490E+01	3.345890E+00
3.124210E+01	3.417930E+00
3.174750E+01	3.484970E+00
3.226090E+01	3.545210E+00
3.278270E+01	3.600040E+00
3.331300E+01	3.654060E+00
3.385180E+01	3.707660E+00
3.439930E+01	3.759420E+00
3.495570E+01	3.808870E+00
3.552110E+01	3.855510E+00
3.609560E+01	3.898340E+00
3.667940E+01	3.934280E+00
3.720000E+01	3.939880E+00
3.740000E+01	3.955940E+00
3.787550E+01	4.027730E+00
3.848820E+01	4.087100E+00
3.911070E+01	4.138810E+00
3.974320E+01	4.186630E+00
4.038610E+01	4.231790E+00
4.103930E+01	4.274860E+00
4.170310E+01	4.316190E+00
4.237760E+01	4.356010E+00
4.306300E+01	4.394510E+00
4.375950E+01	4.431880E+00
4.446730E+01	4.468320E+00
4.518650E+01	4.504000E+00
4.591740E+01	4.541240E+00
4.666000E+01	4.578060E+00
4.741470E+01	4.610220E+00
4.818160E+01	4.639100E+00
4.896090E+01	4.665310E+00
4.975280E+01	4.688910E+00
5.055760E+01	4.709630E+00
5.137530E+01	4.726720E+00
5.220620E+01	4.737430E+00
5.305060E+01	4.728730E+00
5.390870E+01	4.743810E+00
5.478060E+01	4.795510E+00
5.566670E+01	4.823770E+00
5.656700E+01	4.851740E+00
5.748200E+01	4.878680E+00
5.841170E+01	4.905360E+00
5.935640E+01	4.932440E+00
6.031650E+01	4.958920E+00
6.129210E+01	4.984660E+00
6.228340E+01	5.009220E+00
6.329080E+01	5.031690E+00
6.431450E+01	5.053250E+00
6.535470E+01	5.073980E+00
6.641180E+01	5.094120E+00
6.748590E+01	5.113850E+00
6.857750E+01	5.133500E+00
6.968670E+01	5.153150E+00
7.081380E+01	5.172220E+00
7.195910E+01	5.190440E+00
7.312300E+01	5.207260E+00
7.430570E+01	5.223110E+00
7.550760E+01	5.238270E+00
7.672890E+01	5.252890E+00
7.796990E+01	5.267210E+00
7.923100E+01	5.281160E+00
8.051250E+01	5.294580E+00
8.181470E+01	5.307670E+00
8.313800E+01	5.319770E+00
8.448270E+01	5.330900E+00
8.584910E+01	5.341420E+00
8.723770E+01	5.351470E+00
8.864870E+01	5.361080E+00
9.008250E+01	5.370300E+00
9.153950E+01	5.379130E+00
9.302010E+01	5.387400E+00
9.452460E+01	5.395140E+00
9.605350E+01	5.402500E+00
9.760710E+01	5.409570E+00
9.918580E+01	5.416890E+00
1.007900E+02	5.424150E+00
1.024200E+02	5.430190E+00
1.040770E+02	5.435300E+00
1.057600E+02	5.439940E+00
1.074710E+02	5.444060E+00
1.092090E+02	5.447730E+00
1.109750E+02	5.450990E+00
1.127700E+02	5.453890E+00
1.145940E+02	5.456440E+00
1.164480E+02	5.458660E+00
1.183310E+02	5.460610E+00
1.202450E+02	5.462300E+00
1.221900E+02	5.463730E+00
1.241660E+02	5.464930E+00
1.261750E+02	5.465950E+00
1.282150E+02	5.466950E+00
1.302890E+02	5.468010E+00
1.323970E+02	5.468770E+00
1.345380E+02	5.468810E+00
1.367140E+02	5.468410E+00
1.389250E+02	5.467660E+00
1.411720E+02	5.466630E+00
1.434560E+02	5.465340E+00
1.457760E+02	5.463820E+00
1.481340E+02	5.462080E+00
1.505300E+02	5.460200E+00
1.529640E+02	5.458200E+00
1.554390E+02	5.456160E+00
1.579530E+02	5.454210E+00
1.605070E+02	5.453040E+00
1.631030E+02	5.452020E+00
1.657420E+02	5.449570E+00
1.684220E+02	5.445770E+00
1.711460E+02	5.441120E+00
1.739150E+02	5.435800E+00
1.767270E+02	5.429890E+00
1.795860E+02	5.423430E+00
1.824910E+02	5.416470E+00
1.854420E+02	5.409030E+00
1.884420E+02	5.401110E+00
1.914890E+02	5.392740E+00
1.945870E+02	5.383920E+00
1.977340E+02	5.374650E+00
2.009320E+02	5.364940E+00
2.041820E+02	5.354770E+00
2.074850E+02	5.344150E+00
2.108400E+02	5.333080E+00
2.142510E+02	5.321550E+00
2.177160E+02	5.309570E+00
2.212370E+02	5.297330E+00
2.248160E+02	5.284500E+00
2.284520E+02	5.270670E+00
2.321470E+02	5.256120E+00
2.359020E+02	5.240840E+00
2.397170E+02	5.224800E+00
2.435950E+02	5.207960E+00
2.475350E+02	5.190290E+00
2.515380E+02	5.171750E+00
2.556070E+02	5.152270E+00
2.597410E+02	5.131780E+00
2.639420E+02	5.110230E+00
2.682110E+02	5.087530E+00
2.725490E+02	5.063570E+00
2.769570E+02	5.038260E+00
2.814370E+02	5.011470E+00
2.859890E+02	4.983070E+00
2.906150E+02	4.952920E+00
2.953150E+02	4.920830E+00
3.000920E+02	4.886640E+00
3.049450E+02	4.850170E+00
3.098780E+02	4.811520E+00
3.148900E+02	4.770240E+00
3.199830E+02	4.724200E+00
3.251580E+02	4.672850E+00
3.304180E+02	4.616160E+00
3.357620E+02	4.553390E+00
3.411920E+02	4.483530E+00
3.467110E+02	4.405250E+00
3.523190E+02	4.316810E+00
3.580170E+02	4.215770E+00
3.638080E+02	4.098770E+00
3.696920E+02	3.960990E+00
3.756720E+02	3.795040E+00
3.817480E+02	3.588740E+00
3.879220E+02	3.320350E+00
3.941970E+02	2.944810E+00
4.005730E+02	2.341750E+00
4.070520E+02	9.027550E-01
4.098000E+02	-3.347290E+00
4.100000E+02	-3.340700E+00
4.136350E+02	1.374750E+00
4.203260E+02	2.769930E+00
4.271240E+02	3.471800E+00
4.340320E+02	3.950300E+00
4.410520E+02	4.315180E+00
4.481860E+02	4.610380E+00
4.554350E+02	4.858080E+00
4.628020E+02	5.071150E+00
4.702870E+02	5.257730E+00
4.778940E+02	5.423350E+00
4.856230E+02	5.571920E+00
4.934780E+02	5.706350E+00
5.014590E+02	5.828880E+00
5.095700E+02	5.941240E+00
5.178120E+02	6.044870E+00
5.261870E+02	6.140950E+00
5.346980E+02	6.230510E+00
5.433460E+02	6.314520E+00
5.521340E+02	6.394050E+00
5.610650E+02	6.471060E+00
5.701390E+02	6.546090E+00
5.793610E+02	6.613170E+00
5.887320E+02	6.672620E+00
5.982540E+02	6.727170E+00
6.079300E+02	6.777370E+00
6.177630E+02	6.823730E+00
6.277550E+02	6.866640E+00
6.379080E+02	6.906430E+00
6.482260E+02	6.943370E+00
6.587110E+02	6.977710E+00
6.693650E+02	7.009670E+00
6.801910E+02	7.039430E+00
6.911930E+02	7.067180E+00
7.023720E+02	7.093080E+00
7.137330E+02	7.117280E+00
7.252770E+02	7.139950E+00
7.370080E+02	7.161240E+00
7.489280E+02	7.181320E+00
7.610420E+02	7.200820E+00
7.733510E+02	7.219730E+00
7.858590E+02	7.237100E+00
7.985700E+02	7.252300E+00
8.114860E+02	7.265500E+00
8.246110E+02	7.277240E+00
8.379490E+02	7.287540E+00
8.515020E+02	7.296590E+00
8.652740E+02	7.304720E+00
8.792690E+02	7.312260E+00
8.934910E+02	7.319340E+00
9.079430E+02	7.325860E+00
9.226280E+02	7.332120E+00
9.375510E+02	7.337930E+00
9.527150E+02	7.342740E+00
9.681240E+02	7.346850E+00
9.837830E+02	7.350260E+00
9.996950E+02	7.353110E+00
1.015860E+03	7.355450E+00
1.032290E+03	7.357530E+00
1.048990E+03	7.359650E+00
1.065960E+03	7.361130E+00
1.083200E+03	7.361870E+00
1.100720E+03	7.362190E+00
1.118520E+03	7.362120E+00
1.136610E+03	7.361710E+00
1.155000E+03	7.360990E+00
1.173680E+03	7.360020E+00
1.192660E+03	7.358850E+00
1.211950E+03	7.357510E+00
1.231550E+03	7.356160E+00
1.251470E+03	7.354790E+00
1.271720E+03	7.353210E+00
1.292290E+03	7.351240E+00
1.313190E+03	7.348770E+00
1.334430E+03	7.346030E+00
1.356010E+03	7.343090E+00
1.377940E+03	7.339960E+00
1.400230E+03	7.336640E+00
1.422880E+03	7.333210E+00
1.445890E+03	7.329710E+00
1.469280E+03	7.326110E+00
1.493040E+03	7.322500E+00
1.517190E+03	7.318830E+00
1.541730E+03	7.314910E+00
1.566670E+03	7.310920E+00
1.592010E+03	7.306880E+00
1.617760E+03	7.302790E+00
1.643920E+03	7.298660E+00
1.670510E+03	7.294520E+00
1.697530E+03	7.290370E+00
1.724990E+03	7.286280E+00
1.752890E+03	7.282240E+00
1.781240E+03	7.278080E+00
1.810050E+03	7.273860E+00
1.839320E+03	7.269590E+00
1.869070E+03	7.265300E+00
1.899300E+03	7.261010E+00
1.930020E+03	7.256720E+00
1.961240E+03	7.252450E+00
1.992960E+03	7.248170E+00
2.025200E+03	7.243960E+00
2.057950E+03	7.239900E+00
2.091240E+03	7.235780E+00
2.125060E+03	7.231670E+00
2.159430E+03	7.227570E+00
2.194360E+03	7.223500E+00
2.229850E+03	7.219450E+00
2.265920E+03	7.215430E+00
2.302570E+03	7.211450E+00
2.339810E+03	7.207500E+00
2.377660E+03	7.203580E+00
2.416110E+03	7.199700E+00
2.455190E+03	7.195860E+00
2.494900E+03	7.192060E+00
2.535260E+03	7.188310E+00
2.576260E+03	7.184590E+00
2.617930E+03	7.180930E+00
2.660270E+03	7.177300E+00
2.703300E+03	7.173720E+00
2.747030E+03	7.170190E+00
2.791460E+03	7.166700E+00
2.836610E+03	7.163270E+00
2.882490E+03	7.159880E+00
2.929110E+03	7.156540E+00
2.976480E+03	7.153240E+00
3.024630E+03	7.150000E+00
3.073550E+03	7.146800E+00
3.123260E+03	7.143650E+00
3.173780E+03	7.140550E+00
3.225110E+03	7.137500E+00
3.277270E+03	7.134510E+00
3.330280E+03	7.131550E+00
3.384150E+03	7.128650E+00
3.438880E+03	7.125790E+00
3.494500E+03	7.122990E+00
3.551020E+03	7.120230E+00
3.608460E+03	7.117520E+00
3.666820E+03	7.114860E+00
3.726130E+03	7.112240E+00
3.786400E+03	7.109670E+00
3.847640E+03	7.107140E+00
3.909870E+03	7.104670E+00
3.973110E+03	7.102240E+00
4.037380E+03	7.099850E+00
4.102680E+03	7.097490E+00
4.169030E+03	7.095180E+00
4.236460E+03	7.092920E+00
4.304980E+03	7.090700E+00
4.374620E+03	7.088530E+00
4.445370E+03	7.086400E+00
4.517270E+03	7.084300E+00
4.590330E+03	7.082260E+00
4.664580E+03	7.080250E+00
4.740030E+03	7.078280E+00
4.816690E+03	7.076350E+00
4.894600E+03	7.074460E+00
4.973770E+03	7.072620E+00
5.054210E+03	7.070810E+00
5.135960E+03	7.069030E+00
5.219030E+03	7.067300E+00
5.303440E+03	7.065600E+00
5.389220E+03	7.063940E+00
5.476390E+03	7.062310E+00
5.564970E+03	7.060720E+00
5.654980E+03	7.059160E+00
5.746440E+03	7.057640E+00
5.839390E+03	7.056150E+00
5.933830E+03	7.054700E+00
6.029810E+03	7.053270E+00
6.127330E+03	7.051880E+00
6.226440E+03	7.050520E+00
6.327150E+03	7.049180E+00
6.429480E+03	7.047880E+00
6.533480E+03	7.046610E+00
6.639150E+03	7.045370E+00
6.746540E+03	7.044150E+00
6.855650E+03	7.042960E+00
6.966540E+03	7.041810E+00
7.079220E+03	7.040670E+00
7.193720E+03	7.039570E+00
7.310070E+03	7.038480E+00
7.428310E+03	7.037430E+00
7.548450E+03	7.036400E+00
7.670540E+03	7.035390E+00
7.794610E+03	7.034410E+00
7.920680E+03	7.033450E+00
8.048790E+03	7.032510E+00
8.178980E+03	7.031590E+00
8.311260E+03	7.030700E+00
8.445690E+03	7.029830E+00
8.582290E+03	7.028980E+00
8.721110E+03	7.028140E+00
8.862160E+03	7.027330E+00
9.005500E+03	7.026540E+00
9.151160E+03	7.025770E+00
9.299170E+03	7.025020E+00
9.449580E+03	7.024280E+00
9.602420E+03	7.023560E+00
9.757730E+03	7.022860E+00
9.915550E+03	7.022180E+00
1.007590E+04	7.021520E+00
1.023890E+04	7.020870E+00
1.040450E+04	7.020230E+00
1.057280E+04	7.019620E+00
1.074380E+04	7.019010E+00
1.091760E+04	7.018430E+00
1.109420E+04	7.017850E+00
1.127360E+04	7.017300E+00
1.145590E+04	7.016750E+00
1.164120E+04	7.016220E+00
1.182950E+04	7.015700E+00
1.202080E+04	7.015200E+00
1.221530E+04	7.014710E+00
1.241280E+04	7.014230E+00
1.261360E+04	7.013760E+00
1.281760E+04	7.013310E+00
1.302500E+04	7.012870E+00
1.323560E+04	7.012430E+00
1.344970E+04	7.012010E+00
1.366720E+04	7.011600E+00
1.388830E+04	7.011200E+00
1.411290E+04	7.010820E+00
1.434120E+04	7.010440E+00
1.457310E+04	7.010070E+00
1.480890E+04	7.009710E+00
1.504840E+04	7.009360E+00
1.529180E+04	7.009020E+00
1.553910E+04	7.008680E+00
1.579040E+04	7.008360E+00
1.604580E+04	7.008050E+00
1.630540E+04	7.007740E+00
1.656910E+04	7.007440E+00
1.683710E+04	7.007150E+00
1.710940E+04	7.006870E+00
1.738610E+04	7.006590E+00
1.766740E+04	7.006320E+00
1.795310E+04	7.006060E+00
1.824350E+04	7.005810E+00
1.853860E+04	7.005560E+00
1.883840E+04	7.005320E+00
1.914310E+04	7.005090E+00
1.945270E+04	7.004860E+00
1.976740E+04	7.004640E+00
2.008710E+04	7.004420E+00
2.041200E+04	7.004220E+00
2.074210E+04	7.004010E+00
2.107760E+04	7.003810E+00
2.141850E+04	7.003620E+00
2.176500E+04	7.003440E+00
2.211700E+04	7.003250E+00
2.247470E+04	7.003080E+00
2.283820E+04	7.002910E+00
2.320760E+04	7.002740E+00
2.358300E+04	7.002580E+00
2.396440E+04	7.002420E+00
2.435200E+04	7.002270E+00
2.474590E+04	7.002120E+00
2.514620E+04	7.001970E+00
2.555290E+04	7.001830E+00
2.596620E+04	7.001700E+00
2.638610E+04	7.001560E+00
2.681290E+04	7.001430E+00
2.724660E+04	7.001310E+00
2.768730E+04	7.001190E+00
2.813510E+04	7.001070E+00
2.859020E+04	7.000950E+00
2.905260E+04	7.000840E+00
2.952250E+04	7.000730E+00
3.000000E+04	7.000630E+00