Data for Z=79, E=10-30000 eV
    E              f1 
   eV            e atom-1

1.000000E+01	-9.999000E+03
1.016170E+01	-9.999000E+03
1.032610E+01	-9.999000E+03
1.049310E+01	-9.999000E+03
1.066280E+01	-9.999000E+03
1.083530E+01	-9.999000E+03
1.101060E+01	-9.999000E+03
1.118860E+01	-9.999000E+03
1.136960E+01	-9.999000E+03
1.155350E+01	-9.999000E+03
1.174040E+01	-9.999000E+03
1.193030E+01	-9.999000E+03
1.212320E+01	-9.999000E+03
1.231930E+01	-9.999000E+03
1.251860E+01	-9.999000E+03
1.272100E+01	-9.999000E+03
1.292680E+01	-9.999000E+03
1.313590E+01	-9.999000E+03
1.334830E+01	-9.999000E+03
1.356420E+01	-9.999000E+03
1.378360E+01	-9.999000E+03
1.400660E+01	-9.999000E+03
1.423310E+01	-9.999000E+03
1.446330E+01	-9.999000E+03
1.469730E+01	-9.999000E+03
1.493500E+01	-9.999000E+03
1.517650E+01	-9.999000E+03
1.542200E+01	-9.999000E+03
1.567140E+01	-9.999000E+03
1.592490E+01	-9.999000E+03
1.618250E+01	-9.999000E+03
1.644420E+01	-9.999000E+03
1.671020E+01	-9.999000E+03
1.698050E+01	-9.999000E+03
1.725510E+01	-9.999000E+03
1.753420E+01	-9.999000E+03
1.781780E+01	-9.999000E+03
1.810600E+01	-9.999000E+03
1.839890E+01	-9.999000E+03
1.869640E+01	-9.999000E+03
1.899880E+01	-9.999000E+03
1.930610E+01	-9.999000E+03
1.961840E+01	-9.999000E+03
1.993570E+01	-9.999000E+03
2.025820E+01	-9.999000E+03
2.058580E+01	-9.999000E+03
2.091880E+01	-9.999000E+03
2.125710E+01	-9.999000E+03
2.160090E+01	-9.999000E+03
2.195030E+01	-9.999000E+03
2.230530E+01	-9.999000E+03
2.266610E+01	-9.999000E+03
2.303270E+01	-9.999000E+03
2.340530E+01	-9.999000E+03
2.378380E+01	-9.999000E+03
2.416850E+01	-9.999000E+03
2.455940E+01	-9.999000E+03
2.495660E+01	-9.999000E+03
2.536030E+01	-9.999000E+03
2.577050E+01	-9.999000E+03
2.618730E+01	-9.999000E+03
2.661090E+01	-9.999000E+03
2.704130E+01	-9.999000E+03
2.747860E+01	-9.999000E+03
2.792310E+01	-9.999000E+03
2.837470E+01	-9.999000E+03
2.883370E+01	-9.999000E+03
2.930000E+01	2.781860E+00
2.977390E+01	3.121970E+00
3.025550E+01	3.709150E+00
3.074490E+01	4.207380E+00
3.124210E+01	4.730900E+00
3.174750E+01	5.460230E+00
3.226090E+01	5.876160E+00
3.278270E+01	6.087590E+00
3.331300E+01	6.327480E+00
3.385180E+01	6.560940E+00
3.439930E+01	6.779990E+00
3.495570E+01	6.983610E+00
3.552110E+01	7.169600E+00
3.609560E+01	7.335010E+00
3.667940E+01	7.470470E+00
3.727270E+01	7.566180E+00
3.787550E+01	7.696600E+00
3.848820E+01	7.839470E+00
3.911070E+01	7.986800E+00
3.974320E+01	8.131880E+00
4.038610E+01	8.266470E+00
4.103930E+01	8.422540E+00
4.170310E+01	8.592650E+00
4.237760E+01	8.773850E+00
4.306300E+01	8.967870E+00
4.375950E+01	9.186410E+00
4.446730E+01	9.460440E+00
4.518650E+01	9.695580E+00
4.591740E+01	9.891740E+00
4.666000E+01	1.006950E+01
4.741470E+01	1.023730E+01
4.818160E+01	1.037470E+01
4.896090E+01	1.048030E+01
4.975280E+01	1.053250E+01
5.055760E+01	1.048200E+01
5.137530E+01	1.052360E+01
5.220620E+01	1.061160E+01
5.305060E+01	1.071400E+01
5.390870E+01	1.081530E+01
5.478060E+01	1.087260E+01
5.566670E+01	1.102120E+01
5.656700E+01	1.123400E+01
5.748200E+01	1.150420E+01
5.841170E+01	1.184960E+01
5.935640E+01	1.233240E+01
6.031650E+01	1.278580E+01
6.129210E+01	1.324290E+01
6.228340E+01	1.377970E+01
6.329080E+01	1.451130E+01
6.431450E+01	1.505590E+01
6.535470E+01	1.552120E+01
6.641180E+01	1.590700E+01
6.748590E+01	1.620490E+01
6.857750E+01	1.643180E+01
6.968670E+01	1.656340E+01
7.081380E+01	1.663990E+01
7.195910E+01	1.677930E+01
7.312300E+01	1.693570E+01
7.430570E+01	1.707240E+01
7.550760E+01	1.725800E+01
7.672890E+01	1.749360E+01
7.796990E+01	1.781010E+01
7.923100E+01	1.805500E+01
8.051250E+01	1.824730E+01
8.181470E+01	1.836590E+01
8.313800E+01	1.825990E+01
8.448270E+01	1.885050E+01
8.584910E+01	1.956570E+01
8.723770E+01	2.008200E+01
8.864870E+01	2.045810E+01
9.008250E+01	2.072020E+01
9.153950E+01	2.093550E+01
9.302010E+01	2.107950E+01
9.452460E+01	2.111950E+01
9.605350E+01	2.105630E+01
9.760710E+01	2.102510E+01
9.918580E+01	2.100980E+01
1.007900E+02	2.099780E+01
1.024200E+02	2.098280E+01
1.040770E+02	2.092540E+01
1.057600E+02	2.083160E+01
1.074710E+02	2.069810E+01
1.092090E+02	2.053150E+01
1.109750E+02	2.038790E+01
1.127700E+02	2.025520E+01
1.145940E+02	2.011930E+01
1.164480E+02	1.997450E+01
1.183310E+02	1.982190E+01
1.202450E+02	1.967330E+01
1.221900E+02	1.952380E+01
1.241660E+02	1.937170E+01
1.261750E+02	1.921940E+01
1.282150E+02	1.909620E+01
1.302890E+02	1.891630E+01
1.323970E+02	1.867160E+01
1.345380E+02	1.833680E+01
1.367140E+02	1.804080E+01
1.389250E+02	1.776430E+01
1.411720E+02	1.748580E+01
1.434560E+02	1.718480E+01
1.457760E+02	1.683550E+01
1.481340E+02	1.652200E+01
1.505300E+02	1.622940E+01
1.529640E+02	1.593310E+01
1.554390E+02	1.562010E+01
1.579530E+02	1.525360E+01
1.605070E+02	1.490460E+01
1.631030E+02	1.457830E+01
1.657420E+02	1.425750E+01
1.684220E+02	1.392290E+01
1.711460E+02	1.351810E+01
1.739150E+02	1.316450E+01
1.767270E+02	1.285420E+01
1.795860E+02	1.256290E+01
1.824910E+02	1.228700E+01
1.854420E+02	1.202600E+01
1.884420E+02	1.178280E+01
1.914890E+02	1.155870E+01
1.945870E+02	1.135490E+01
1.977340E+02	1.117650E+01
2.009320E+02	1.104180E+01
2.041820E+02	1.092480E+01
2.074850E+02	1.082860E+01
2.108400E+02	1.077190E+01
2.142510E+02	1.081880E+01
2.177160E+02	1.087110E+01
2.212370E+02	1.089590E+01
2.248160E+02	1.092680E+01
2.284520E+02	1.097710E+01
2.321470E+02	1.106890E+01
2.359020E+02	1.120350E+01
2.397170E+02	1.132880E+01
2.435950E+02	1.145350E+01
2.475350E+02	1.159930E+01
2.515380E+02	1.180060E+01
2.556070E+02	1.201930E+01
2.597410E+02	1.222770E+01
2.639420E+02	1.244760E+01
2.682110E+02	1.269220E+01
2.725490E+02	1.298640E+01
2.769570E+02	1.335760E+01
2.814370E+02	1.368920E+01
2.859890E+02	1.398690E+01
2.906150E+02	1.428360E+01
2.953150E+02	1.458510E+01
3.000920E+02	1.489750E+01
3.049450E+02	1.522760E+01
3.098780E+02	1.559420E+01
3.148900E+02	1.598310E+01
3.199830E+02	1.636100E+01
3.251580E+02	1.673410E+01
3.304180E+02	1.711690E+01
3.357620E+02	1.751470E+01
3.411920E+02	1.793490E+01
3.467110E+02	1.838960E+01
3.523190E+02	1.892740E+01
3.580170E+02	1.945630E+01
3.638080E+02	1.994850E+01
3.696920E+02	2.042070E+01
3.756720E+02	2.089040E+01
3.817480E+02	2.136370E+01
3.879220E+02	2.184670E+01
3.941970E+02	2.234770E+01
4.005730E+02	2.289130E+01
4.070520E+02	2.346890E+01
4.136350E+02	2.400880E+01
4.203260E+02	2.451500E+01
4.271240E+02	2.501260E+01
4.340320E+02	2.550700E+01
4.410520E+02	2.600280E+01
4.481860E+02	2.651510E+01
4.554350E+02	2.704410E+01
4.628020E+02	2.754820E+01
4.702870E+02	2.803610E+01
4.778940E+02	2.851590E+01
4.856230E+02	2.899110E+01
4.934780E+02	2.946400E+01
5.014590E+02	2.993640E+01
5.095700E+02	3.041390E+01
5.178120E+02	3.089270E+01
5.261870E+02	3.136740E+01
5.346980E+02	3.184150E+01
5.433460E+02	3.231720E+01
5.521340E+02	3.279650E+01
5.610650E+02	3.328200E+01
5.701390E+02	3.378270E+01
5.793610E+02	3.428060E+01
5.887320E+02	3.477730E+01
5.982540E+02	3.527740E+01
6.079300E+02	3.578400E+01
6.177630E+02	3.630040E+01
6.277550E+02	3.683070E+01
6.379080E+02	3.738250E+01
6.482260E+02	3.797980E+01
6.587110E+02	3.863530E+01
6.693650E+02	3.923850E+01
6.801910E+02	3.978250E+01
6.911930E+02	4.030660E+01
7.023720E+02	4.081590E+01
7.137330E+02	4.131410E+01
7.252770E+02	4.179840E+01
7.370080E+02	4.228020E+01
7.489280E+02	4.276580E+01
7.610420E+02	4.325460E+01
7.733510E+02	4.374880E+01
7.858590E+02	4.425040E+01
7.985700E+02	4.479710E+01
8.114860E+02	4.533490E+01
8.246110E+02	4.584360E+01
8.379490E+02	4.634650E+01
8.515020E+02	4.685170E+01
8.652740E+02	4.736320E+01
8.792690E+02	4.795740E+01
8.934910E+02	4.852080E+01
9.079430E+02	4.901460E+01
9.226280E+02	4.948470E+01
9.375510E+02	4.994230E+01
9.527150E+02	5.040460E+01
9.681240E+02	5.086670E+01
9.837830E+02	5.130120E+01
9.996950E+02	5.171180E+01
1.015860E+03	5.211550E+01
1.032290E+03	5.257320E+01
1.048990E+03	5.303140E+01
1.065960E+03	5.339750E+01
1.083200E+03	5.370170E+01
1.100720E+03	5.396440E+01
1.118520E+03	5.419370E+01
1.136610E+03	5.439400E+01
1.155000E+03	5.456790E+01
1.173680E+03	5.471620E+01
1.192660E+03	5.483950E+01
1.211950E+03	5.493090E+01
1.231550E+03	5.497500E+01
1.251470E+03	5.503160E+01
1.271720E+03	5.510570E+01
1.292290E+03	5.518740E+01
1.313190E+03	5.529050E+01
1.334430E+03	5.538360E+01
1.356010E+03	5.544380E+01
1.377940E+03	5.547470E+01
1.400230E+03	5.548720E+01
1.422880E+03	5.545580E+01
1.445890E+03	5.542500E+01
1.469280E+03	5.543350E+01
1.493040E+03	5.551960E+01
1.517190E+03	5.555490E+01
1.541730E+03	5.547330E+01
1.566670E+03	5.528160E+01
1.592010E+03	5.507950E+01
1.617760E+03	5.491400E+01
1.643920E+03	5.476640E+01
1.670510E+03	5.455960E+01
1.697530E+03	5.428120E+01
1.724990E+03	5.402290E+01
1.752890E+03	5.372650E+01
1.781240E+03	5.337000E+01
1.810050E+03	5.308110E+01
1.839320E+03	5.274860E+01
1.869070E+03	5.232080E+01
1.899300E+03	5.192720E+01
1.930020E+03	5.151560E+01
1.961240E+03	5.095570E+01
1.992960E+03	5.028630E+01
2.025200E+03	4.955370E+01
2.057950E+03	4.869380E+01
2.091240E+03	4.763220E+01
2.125060E+03	4.627270E+01
2.159430E+03	4.444240E+01
2.194360E+03	4.172160E+01
2.229850E+03	3.569150E+01
2.265920E+03	3.539920E+01
2.302570E+03	3.556710E+01
2.339810E+03	3.708030E+01
2.377660E+03	4.182000E+01
2.416110E+03	4.534510E+01
2.455190E+03	4.741910E+01
2.494900E+03	4.913650E+01
2.535260E+03	5.067800E+01
2.576260E+03	5.187300E+01
2.617930E+03	5.248940E+01
2.660270E+03	5.326070E+01
2.703300E+03	5.290180E+01
2.747030E+03	5.297050E+01
2.791460E+03	5.528630E+01
2.836610E+03	5.735980E+01
2.882490E+03	5.865890E+01
2.929110E+03	5.992270E+01
2.976480E+03	6.091710E+01
3.024630E+03	6.170190E+01
3.073550E+03	6.238990E+01
3.123260E+03	6.271920E+01
3.173780E+03	6.315770E+01
3.225110E+03	6.421940E+01
3.277270E+03	6.525970E+01
3.330280E+03	6.601830E+01
3.384150E+03	6.650740E+01
3.438880E+03	6.693850E+01
3.494500E+03	6.793050E+01
3.551020E+03	6.884640E+01
3.608460E+03	6.934680E+01
3.666820E+03	6.983520E+01
3.726130E+03	7.029450E+01
3.786400E+03	7.074090E+01
3.847640E+03	7.116530E+01
3.909870E+03	7.154080E+01
3.973110E+03	7.188520E+01
4.037380E+03	7.221930E+01
4.102680E+03	7.251930E+01
4.169030E+03	7.284650E+01
4.236460E+03	7.297830E+01
4.304980E+03	7.309190E+01
4.374620E+03	7.336240E+01
4.445370E+03	7.356140E+01
4.517270E+03	7.375770E+01
4.590330E+03	7.392530E+01
4.664580E+03	7.407880E+01
4.740030E+03	7.421210E+01
4.816690E+03	7.432520E+01
4.894600E+03	7.443020E+01
4.973770E+03	7.451830E+01
5.054210E+03	7.460310E+01
5.135960E+03	7.472090E+01
5.219030E+03	7.477890E+01
5.303440E+03	7.490280E+01
5.389220E+03	7.507650E+01
5.476390E+03	7.512240E+01
5.564970E+03	7.518090E+01
5.654980E+03	7.522850E+01
5.746440E+03	7.526380E+01
5.839390E+03	7.533220E+01
5.933830E+03	7.539350E+01
6.029810E+03	7.541920E+01
6.127330E+03	7.546570E+01
6.226440E+03	7.548150E+01
6.327150E+03	7.549100E+01
6.429480E+03	7.549570E+01
6.533480E+03	7.549380E+01
6.639150E+03	7.548570E+01
6.746540E+03	7.547190E+01
6.855650E+03	7.545250E+01
6.966540E+03	7.542790E+01
7.079220E+03	7.539810E+01
7.193720E+03	7.536330E+01
7.310070E+03	7.532330E+01
7.428310E+03	7.527860E+01
7.548450E+03	7.522950E+01
7.670540E+03	7.517560E+01
7.794610E+03	7.511670E+01
7.920680E+03	7.505320E+01
8.048790E+03	7.498510E+01
8.178980E+03	7.491220E+01
8.311260E+03	7.483440E+01
8.445690E+03	7.475140E+01
8.582290E+03	7.466290E+01
8.721110E+03	7.456870E+01
8.862160E+03	7.446840E+01
9.005500E+03	7.436180E+01
9.151160E+03	7.424820E+01
9.299170E+03	7.412710E+01
9.449580E+03	7.399740E+01
9.602420E+03	7.385800E+01
9.757730E+03	7.370770E+01
9.915550E+03	7.354480E+01
1.007590E+04	7.336710E+01
1.023890E+04	7.317190E+01
1.040450E+04	7.295550E+01
1.057280E+04	7.271240E+01
1.074380E+04	7.243530E+01
1.091760E+04	7.211270E+01
1.109420E+04	7.172630E+01
1.127360E+04	7.124360E+01
1.145590E+04	7.059810E+01
1.164120E+04	6.961510E+01
1.182950E+04	6.744610E+01
1.191860E+04	5.427310E+01
1.191880E+04	5.427360E+01
1.202080E+04	6.782260E+01
1.221530E+04	6.989230E+01
1.241280E+04	7.081600E+01
1.261360E+04	7.135570E+01
1.281760E+04	7.167450E+01
1.302500E+04	7.182120E+01
1.323560E+04	7.178840E+01
1.344970E+04	7.148040E+01
1.366720E+04	7.022340E+01
1.373350E+04	6.374710E+01
1.373370E+04	6.374740E+01
1.388830E+04	7.122060E+01
1.411290E+04	7.210120E+01
1.434120E+04	7.130280E+01
1.435270E+04	6.932840E+01
1.435290E+04	6.932990E+01
1.457310E+04	7.324400E+01
1.480890E+04	7.402310E+01
1.504840E+04	7.458770E+01
1.529180E+04	7.504350E+01
1.553910E+04	7.542850E+01
1.579040E+04	7.576200E+01
1.604580E+04	7.605520E+01
1.630540E+04	7.631590E+01
1.656910E+04	7.654940E+01
1.683710E+04	7.675970E+01
1.710940E+04	7.694990E+01
1.738610E+04	7.712230E+01
1.766740E+04	7.727910E+01
1.795310E+04	7.742180E+01
1.824350E+04	7.755190E+01
1.853860E+04	7.767050E+01
1.883840E+04	7.777860E+01
1.914310E+04	7.787720E+01
1.945270E+04	7.796700E+01
1.976740E+04	7.804870E+01
2.008710E+04	7.812300E+01
2.041200E+04	7.819040E+01
2.074210E+04	7.825140E+01
2.107760E+04	7.830650E+01
2.141850E+04	7.835610E+01
2.176500E+04	7.840060E+01
2.211700E+04	7.844030E+01
2.247470E+04	7.847560E+01
2.283820E+04	7.850670E+01
2.320760E+04	7.853390E+01
2.358300E+04	7.855760E+01
2.396440E+04	7.857780E+01
2.435200E+04	7.859490E+01
2.474590E+04	7.860910E+01
2.514620E+04	7.862040E+01
2.555290E+04	7.862920E+01
2.596620E+04	7.863560E+01
2.638610E+04	7.863980E+01
2.681290E+04	7.864180E+01
2.724660E+04	7.864180E+01
2.768730E+04	7.864010E+01
2.813510E+04	7.863660E+01
2.859020E+04	7.863170E+01
2.905260E+04	7.862590E+01
2.952250E+04	7.862860E+01
3.000000E+04	7.857680E+01